0.368396553160392,-0.415139389108789,0.762021157060107,0.303134828362603,-0.104763961093355,-0.622240630330299,0.848022551639076,-0.820853362535119,-0.500459315030098,0.797186224311237,-0.972995864212783
0.366950757824033,0.0108161715362103,0.382776435983578,-0.91250338679444,-0.531099056201049,0.79345685029388,-0.755257762777032,0.636004540715883,0.162298300758326,-0.509065612962296,-0.0429192183177078
-0.571849267141286,0.102806801369563,-0.841881615189061,-0.136443872513186,0.994624580189986,-0.569261717574325,-0.659682574356573,-0.243113984933982,-0.0403718363089933,0.285496014131171,0.259113126795365
-0.31735622036025,-0.814910435321147,0.0687896749528618,0.835828544999453,-0.264621751311235,-0.00499951577233371,-0.907409090479284,0.191722246835157,0.578175154972048,0.841308621815968,0.348563428219887
-0.621996884841326,-0.855448700828936,0.333474050102392,0.35432610665163,0.866415447465473,0.558415662569712,0.633621068490768,-0.540398264247475,0.879212319226223,-0.93601065480606,0.0985998239941841
-0.756015328772906,-0.239290770728957,-0.820592792318243,0.975189312294523,-0.687518198712676,0.0737195251823444,0.501953339398387,-0.569455623410289,-0.627572146442736,0.278974630078231,-0.995753063313941
0.139637681555181,0.355950698939866,-0.72813396956093,-0.459027741340967,-0.578114442611282,-0.765007024464242,0.0930283015654416,0.173914501010661,0.507550131158325,0.359149077848827,0.140600662157519
0.964670710455181,0.256395085148283,0.691775412256776,-0.956079061305224,-0.249369324881111,-0.810689818154626,0.508691569722398,-0.810562656155039,-0.619973390304746,-0.601607777809579,0.234172066196572
-0.483745069654603,0.985427184988978,-0.423076603512017,0.925092953502203,-0.445354669536248,0.865252730398966,-0.843145070339516,0.949932189430484,-0.405672106968924,0.603732334535016,-0.769590953289476
-0.924147662211251,-0.239567147300782,0.783359901397308,-0.0544922701734103,-0.973601309734398,0.504767176801205,-0.564429605478787,-0.880180460095298,0.48092980915656,-0.468443353752619,0.550168164968804
0.762123975828761,-0.688576106833833,-0.288287251733294,0.17002556210182,0.403702055593774,0.273206592238866,-0.812257320805371,0.48484491888533,0.14815512792918,-0.34701692825241,-0.353660168845397
-0.321430520617505,-0.0818297641892511,0.839899640726119,-0.124228547296789,0.404178872156067,-0.628161584915471,-0.250994816235405,-0.776893006719281,-0.406453853613009,-0.947768390327119,-0.893528131091164
-0.26221416585914,-0.535113685203929,-0.623338688655765,-0.424574353955261,-0.704117617231914,0.332897228866902,-0.0761258516997452,-0.909563813409717,0.978752786863397,0.556893307160849,-0.212152504607805
0.724248020203317,-0.420762265376305,-0.260330521493108,0.251009231112833,-0.146231538730566,-0.0404228183473259,0.566798641465968,-0.389782752884017,0.528918847359348,0.302906007716787,0.268878838370982
-0.226860524760306,0.43009746329753,-0.815163698956652,0.93329821143169,-0.196910213490669,-0.107770748370831,-0.559294350773406,-0.242587994356503,0.292381185009482,0.418511356286984,-0.699663728207888
0.51258688474767,0.778362851703548,-0.862825463562078,0.152205309881997,-0.763106273768647,-0.525287459839092,0.784850362237715,-0.827802934063993,-0.0296801679298961,0.913059429371909,0.289817573599352
-0.933138919436499,0.581682625450833,0.188951872039566,0.695396406188582,0.866899994862703,-0.451341835633371,0.907662582953736,-0.881784533743138,-0.231110921683379,0.574642802663862,-0.851565410998931
0.825814586134091,0.96069650575124,-0.68399169376291,-0.12124392513942,-0.277842597863416,-0.811585903033519,-0.728886078662015,-0.272972383492484,0.661915285742422,-0.364269410108428,-0.906965928749335
0.450337170599595,0.888980834869945,0.411769140979799,-0.0494735186154236,-0.201376658937353,0.175650297583626,-0.299912974523729,-0.0254667473195345,0.627021239062128,0.850859860888176,0.124333386472313
-0.977682759590803,0.0559022214213181,0.836333604699649,-0.40987316130685,0.0224322327864366,-0.0701241214208761,0.981936239069878,-0.553143504914822,-0.435570177955217,-0.901543302829698,0.702849647980551
-0.170462263905298,0.0473421282065289,0.20449753340114,-0.897509085501368,0.726416986971177,0.672945186425335,-0.999352495069426,-0.503827412932311,-0.181071849332388,0.000207610832667182,-0.191420691683372
0.439200213701169,0.212842228545139,0.803963906315414,-0.326323712361356,-0.774955024851942,0.984478692841564,0.300108574493209,-0.188201486733561,-0.154267716330119,-0.0416218828548562,0.0205933820070621
0.176915868891028,0.187796644615205,0.699429150471256,-0.621832517990142,-0.0855344960584128,-0.441784115123507,0.46897368475653,0.161430429664361,-0.774477908925536,0.11481452752553,-0.844172490061869
0.760113051397402,0.0136018849736546,0.52571437885695,0.56606665510868,-0.017992177480066,0.625062511088557,-0.873884275317747,0.769110734920741,-0.481910764560552,-0.980282263789426,-0.813780207938456
-0.300842135017531,0.588315601465873,0.585140442777993,0.760436178180563,0.657094057061933,-0.440263760196916,0.212573172373214,-0.595535385773336,-0.848491946382312,-0.689859362324583,0.232674047723188
-0.806232741312513,0.268500305436591,-0.113914063830502,-0.574694758591356,0.854570899753586,-0.0102136313848751,-0.0364874856720949,-0.755049737939059,0.697007135474494,-0.169224028825476,-0.764586257144789
-0.352613248623686,0.13124756102298,-0.336144049053065,0.722927259137098,0.10852451731982,0.170686322435531,-0.562509162159873,-0.899511326481915,0.804112018262997,0.969791297043496,-0.462676913809975
0.112215174568053,-0.0803669938689802,0.393588497910509,0.00600025708076624,0.767472744848754,-0.651949287200163,0.801243002940703,0.649711681748186,-0.220073354616629,-0.71101715987247,-0.483775962339487
0.977867206601828,0.296626708568386,-0.612332457488524,-0.982071167036321,0.272909596645956,-0.921118828702379,-0.370202038058317,0.123423370420856,-0.956518162334097,0.102387807403847,0.0802679008388181
-0.0847824194492943,0.985772437343513,-0.293264673424468,-0.0694978931726289,0.0423061078335456,0.13994333141914,-0.401704761166932,-0.0918415263071857,0.682308386888094,-0.631409518877777,-0.239622470395893
0.0605896707396785,0.475112439934877,0.920906211228511,-0.245665594755665,0.251104206247351,0.691539065777471,-0.740773796275008,-0.112643765900188,-0.801381641439384,0.413821355193637,-0.353841514342305
0.0422865467647917,0.242521399185071,-0.616062689667754,0.805225947190967,0.221030563709286,0.570780006181241,0.645610688996396,-0.607005003159541,0.777320291660626,0.880258398038968,-0.640896925788104
-0.716338850408331,-0.92722962379224,-0.512866191617132,0.385528916577608,-0.397766288456422,-0.244567953285106,0.869703743436059,0.462320268828718,-0.157513661455561,-0.665158083073822,0.904491882030857
-0.468562719999175,0.943492728521263,-0.440758108216348,0.114629876501595,-0.507872681576864,-0.431613085628944,0.104822360579218,0.821974830432928,0.658912778154194,0.930925198202537,0.0745604769439681
-0.869183923009876,-0.458059865416705,-0.303921144392107,0.549118316509643,0.650152700492738,0.467475454287621,0.790570799679989,-0.900111191361193,-0.73038797737577,0.604248365157204,-0.578382116221956
0.617534072321805,0.945162633588166,-0.887363752867534,0.222550207203738,0.459294897516811,0.169934411348892,0.794999355018318,0.123653065694132,-0.0802928656789086,0.290131753929447,0.416782282471831
0.904909993482183,0.258953144464053,-0.505588274553475,0.779592429041534,-0.228754485958995,-0.954854346678846,0.637920247699683,-0.180271810321547,-0.610607695878842,-0.908618149782992,0.564112296204418
-0.253877150535952,0.573749935820884,0.504376840193687,-0.0604913831875096,0.806814207150353,0.014552280531599,0.781477199688143,0.850190528989606,-0.134131026809498,-0.875295855211146,-0.894103705456693
0.380574617027536,-0.47181725435731,-0.589105406596476,0.906230034047043,0.968997460752502,-0.876130632190787,0.105353878435583,-0.796416728199032,-0.299482311481565,0.328873915120348,-0.326731973221802
-0.336949701863926,-0.188783333661546,-0.404123959582871,-0.861403606771463,0.19188909024006,0.882649037810035,-0.0586854058027808,-0.806825391433698,-0.685161709176121,-0.961312071568194,-0.261124367999767
0.0311425134467154,-0.801392482340049,-0.440836188995179,-0.481572924224109,0.447490521533047,0.628226935179494,0.114417217823364,0.913738298437506,-0.212199253631181,-0.424521940398642,0.379742328609254
0.259350105029555,0.603825384614349,-0.387562780676697,-0.623569668661719,0.280357265485836,-0.290697611838689,0.53024825837401,-0.6119956811268,-0.1556335039568,0.137996556043876,-0.610923813140871
0.550671156937712,0.0385537604992217,0.335545597918313,0.81723439565732,-0.0626898298870864,0.865720518716118,0.668809573418188,0.112495859674219,0.604763859078983,-0.00719809392568171,-0.740179661919879
-0.267238769638476,-0.406366613018649,0.655682501562705,-0.774455194753826,-0.231221465470855,0.430331362605601,0.696280699239174,-0.574407771322007,-0.12756610011516,-0.706510818113241,0.594366439994727
0.957667085782994,-0.474274792373318,-0.531656203601638,-0.211860155249255,0.0112731032187545,0.372199564928448,-0.594795919323388,0.485406854392956,-0.766182137793868,0.712003026418186,-0.772438368999938
0.790632133850612,0.0360108065995901,0.19099793527112,-0.353551340384035,-0.609653168792182,-0.133711377194518,-0.698331146216568,-0.200842270290254,-0.184268037821214,-0.879383597550242,-0.255927392301144
0.286176781682581,-0.105352015943275,0.559684596569197,0.391888136304405,-0.482342936292433,0.889599023992632,0.763994329605973,-0.433653523221846,0.814453223179971,0.702782804970256,-0.754544562373195
-0.439357093658158,-0.416843229949428,-0.443391191500729,0.800769795955405,0.408377766607943,-0.527322980798383,-0.93098636047691,0.959118550700228,0.475710769843193,0.402615038623407,-0.512890593727268
0.782421562808752,-0.263248273991017,-0.646119553965996,0.18500941560583,0.0818508305255334,-0.226412045602293,0.841230876974417,0.198874003711407,0.228308804788105,-0.591467925970363,-0.595236529327815
0.451111932805621,-0.433870698357654,0.0734142295781073,-0.0965063316659596,-0.323543543912224,0.212569083139782,-0.40618893770766,-0.402635638105187,-0.599085617630711,-0.584807547158862,-0.96860540190708
-0.297790264536953,-0.90708025851774,0.297934054224077,-0.593040590140251,-0.469729925282534,-0.978805100004576,0.799500259379513,0.387663730176843,-0.44742826211357,0.334121532061548,0.343740945014245
0.081255488545388,0.306896546602533,0.444093776842766,-0.0334937570510152,0.478134039846073,0.859355852456584,-0.0628582362566403,0.308081875184761,-0.240494045008323,-0.203357389902458,0.755267950875258
-0.115414146262533,0.162561707699438,-0.42009552195727,0.0837884478327187,-0.0377212206998538,-0.386662779280651,-0.631012808791524,-0.56425944005543,-0.594429526400616,0.382528034037871,-0.603005166881192
0.3385244712884,0.220567757667924,0.498478001475116,-0.563813302617129,0.893106731264189,0.27896757672576,-0.62371774960155,-0.328351026728097,0.879638370840995,0.701902849637709,0.537676885311939
0.342602685366947,-0.962491338616129,-0.680912457380533,-0.60402632710775,0.847518570470925,0.222552173767847,-0.468654813611869,-0.66052925297673,0.658805704492791,-0.752490953064016,-0.572232275208747
0.806575303653214,0.666646435863302,0.655798157073174,-0.221265919930469,0.072254585206029,-0.155836174729912,0.771434486306963,-0.520876597345162,-0.303903977719935,0.423670147935173,-0.226109023858269
-0.764545764097461,-0.276752222902675,0.946071812415275,-0.1364865273671,-0.428468547883373,-0.974260032135743,-0.124944086386042,0.914954133134554,0.177097478234602,-0.137820989908369,0.0820692079683245
-0.336638703265858,-0.440841815708932,0.286971508860409,0.395625281707856,0.713730864081646,-0.253735425077887,-0.168196949339134,0.751494425059196,-0.807889761268648,0.6057285752894,0.914017919405677
0.154727117680512,0.282076777068886,-0.409675185439648,0.65098038478162,0.0677304052832826,-0.316635105918038,-0.556657028497084,0.232020842042008,0.632310157857483,0.721720969446794,-0.922769455176904
0.506372668391004,-0.536736950674874,-0.808381076330589,0.0466727427218057,0.171596806926155,0.101147393981429,-0.541551067457975,-0.371396618349321,-0.642959002319303,0.690657891812292,-0.90245965785285
-0.0815239263228147,-0.263835693935314,0.299999383267125,0.646930451393225,0.543856223183181,0.943866947170042,0.634385738411779,-0.198251302045823,0.874634997599984,0.238876673135656,-0.786250748333437
-0.262573829901328,-0.331834884421592,0.501246834170321,-0.226620367113972,0.122674635349329,-0.539378335254289,0.216477795272674,0.686162607480542,0.644978753189166,0.29608244705457,-0.977808363840463
0.963272728199477,-0.0752777922373362,0.92807398407246,0.0795972628302191,0.794698448639481,-0.759871843866897,-0.63338221045127,0.0731384358711635,-0.206737437944468,0.956959278973171,-0.307825908085529
0.406131948252283,0.241658782111,-0.201029781324585,0.699726380483182,-0.714091835215146,0.810786580526726,-0.62994867253443,0.3756535080692,0.0418118098156839,0.241342150749842,0.391781178113881
-0.718828324531815,0.563755088129416,0.621966061342498,0.14806569401927,-0.283430637109374,0.248209605163376,-0.757615235681401,0.690529932131669,-0.782015777756813,0.207881014188802,0.827517586401244
-0.0108455698565877,0.462941082278252,-0.848795367681841,0.703891234637377,-0.567905535452749,-0.589458081662801,0.300181685655124,0.705049930723827,-0.421071334864965,-0.790430439832154,-0.318665237595395
0.0505014181784791,0.207349920680769,-0.413891795025137,-0.673680998680307,-0.345246529890773,-0.180760086902008,0.121215972720031,-0.901072503588363,0.803513394547007,-0.151920146464074,0.129528316506848
-0.262074963650513,0.405203150857518,-0.874171131171527,0.219940783066581,-0.0465368031997551,-0.980694236904222,0.386875826334367,-0.55028488968881,0.887590452131914,-0.124829290879202,0.7007757528337
-0.731347877641485,-0.903742952861989,-0.797115202021863,0.182054739448419,-0.218262599449359,-0.0970458239177705,0.496413188161055,-0.669568095452151,-0.12059551773601,-0.0839847432857559,0.747408076300305
0.473078709053625,0.0827485273075439,0.40065859915165,0.0752438411559511,-0.0211949825150743,0.994376006339529,0.795808813160361,0.223424241040916,-0.645428986837367,0.83476922651192,0.456744617144757
0.497083410192989,-0.952698643333723,-0.634935491473227,0.42227739857175,-0.67107522477112,-0.867887839502405,0.379731536442638,0.00786391156394606,-0.156104460571325,-0.207105460296253,0.506676025809701
0.861212416340948,0.454690956672067,-0.332273006286676,-0.791973931895236,0.437382536449437,-0.41956601823731,-0.816384236285143,-0.602288869235554,-0.470145281096313,-0.46852287261934,0.123694344767999
-0.426681793952728,0.911574131410566,0.732079186059867,0.976329386627765,-0.810291789514743,-0.83589378625193,-0.443211345208469,0.5676611075625,0.0262763275080811,0.308023727180229,-0.20074706096922
0.608405863453237,0.370541440272598,0.880405915980258,-0.460149826505274,0.582001214194158,0.82811331435155,-0.161954949333084,-0.711883472287841,0.175027930492193,-0.012593618135238,0.889665144099196
0.216369196892366,0.582489547420254,-0.708084085315547,-0.0694016646811708,0.25452380469695,-0.68397813511953,0.72120014281301,0.988829894889556,-0.380787157163385,-0.984824940339134,0.0481392860741017
-0.0867225812182779,0.173208788242289,0.833187351021219,0.518678717698795,-0.832508470149575,-0.0645064933109141,0.581144581591611,0.530691925543838,-0.145760521702222,0.403688417189165,0.696916022378605
0.581798724295038,0.535418883294066,-0.851663018854626,0.248096495879133,0.44723079665914,-0.938159642967297,-0.156050578164888,0.0843540236244307,0.315665550928882,0.780224405333957,0.514664402701812
0.416052698373793,0.881072621894787,-0.700911175567153,0.453702155905277,-0.933746256731712,0.406457809311606,0.772156748412404,0.549252659398935,0.816118134273603,0.0399894981235536,0.352505320338745
0.684668714954184,-0.660749977019739,-0.530409487517067,0.628183751303514,-0.372227958574072,-0.117908017609208,-0.214957450054576,-0.919241373234451,-0.0374559415946016,0.372154323785357,0.102866916101774
0.331415795034009,-0.0265349026986395,-0.501481548674035,-0.160982559805607,-0.537189770415267,0.0643215899268377,0.281439202065165,0.463445243176593,0.186795982529328,0.525619668351063,-0.0842361863940053
-0.114350265140099,0.744373218434979,0.0403692204941024,-0.771928844236776,0.546058132683459,-0.0516466420854733,0.402187467579561,-0.483052643010389,0.298815336880341,-0.126566027380334,0.625755212545478
0.287547428463846,0.860566600325997,0.653322224740462,0.849349237061279,0.514336535452099,0.0615873405052112,0.147112461173644,-0.745134778300351,-0.228942839678521,0.0342253049180152,0.882010750370245
0.28460139698942,-0.793951937452578,-0.755538299070084,0.300399021216903,-0.382143848598831,0.651113437781983,-0.110805602024785,-0.923982126273944,-0.520500570778502,0.531851427451363,-0.790322815760042
-0.881093199266366,0.00808864377492324,-0.0991592503669105,-0.440248015399011,-0.867030586936625,0.89520825859114,0.529581218814031,0.114683713702619,-0.227134175625513,0.544075606272185,-0.0851843813616646
0.5609067304944,-0.870656436358095,-0.641703823552888,0.729993210615442,-0.216681421328856,-0.656039326371463,-0.94355233549045,0.653590449531484,-0.629739340967805,0.583055333976375,-0.787827691065297
0.533792507235041,0.589290452534898,0.384529224527571,0.260439445369541,0.688544454267499,0.0422051313950433,-0.644030844978344,0.13720001187941,-0.278699809160774,0.462202252154123,0.391389867705619
-0.862247136985962,-0.523077197860012,-0.894509722898407,0.400032815707759,0.043431378787945,-0.982025240303209,-0.68949600648704,-0.923968463034227,0.587844612225454,0.346674513576235,0.240380975939859
0.579963694600892,-0.205217663115725,-0.365172069962196,0.656541868317183,0.898356448027493,0.461974589203224,-0.524242923043416,-0.00187604047439138,-0.141657210665184,0.411832343805383,-0.0541977022374414
-0.59036534723431,-0.524993878765826,-0.935055512700813,-0.887255350898471,-0.746828007798262,0.834587783292304,0.272438459210657,0.230013573494188,0.169236814579397,0.339097177270638,-0.203686311497094
-0.0649256251612993,-0.365198509612833,-0.568673663477904,0.495364210914934,-0.39760778948042,0.681550219308808,0.0873181024347716,0.328551541323191,-0.102612010227624,-0.0905311314488935,-0.928969150996195
0.348563900652974,0.160748275588052,-0.173375453838624,0.61900991228853,-0.656385101928843,-0.705904990706013,-0.680005329400967,0.530823996394848,0.453260114977159,-0.0993054678253542,0.315588251696113
0.675087798049897,0.18797847884618,0.25582688966767,-0.00700970741728502,0.423198448814938,-0.808988819448358,0.663814640566595,-0.66744146297663,0.55337397984915,0.0259609863780366,0.924858901606255
0.658109805877752,0.942457364970621,0.0753858782013495,0.869971603573694,-0.903507670091888,0.479548259867806,-0.659724111357934,-0.746434051959261,0.471768399899137,-0.547930283134893,0.985958076135072
0.275497164917525,0.163072455055266,-0.924992445336561,0.427779930227145,0.535122696633536,0.72751114066392,0.734634892268613,-0.981412998859135,-0.848761673825054,-0.984940784794922,0.983153979048588
0.959485916332591,-0.677024508776487,-0.0297986788902143,0.187177881552271,-0.611616745689584,0.40128116654256,0.799905975162811,-0.294268647615468,0.312808414451512,0.712214306265268,0.696380776940479
-0.0520082178973427,0.750910622002726,0.272749600048475,-0.956502608775097,0.866371736999122,0.789011801955504,-0.0489118956659111,-0.305053364396636,0.0528889661024983,-0.412923840429501,0.20286189232147
-0.85652005629016,0.709797161886286,0.953441614327681,-0.575357044856412,0.447945118707,-0.648859101541655,-0.379023583647585,0.930612707894542,-0.757181218924609,-0.632909845538395,0.76634967580449
-0.173612394412815,-0.521129724620025,0.278366949160763,-0.763792966269598,-0.856987481277054,-0.333047693749805,-0.0829198865027887,-0.088572547400483,-0.074719188278987,0.291440560916885,-0.337116123914255
-0.765113166441475,-0.427428085997787,-0.763594943163096,-0.933277150451199,-0.705353934918807,0.0192789104766422,0.866131998559815,-0.028148244353394,0.325436743369569,0.0688021866869335,0.239992965240775
0.19339701675379,0.80690624548921,0.405315063326954,0.955718221970473,0.838251048854731,0.260405859770696,-0.868280536425373,-0.989202844425775,0.359564755988527,0.93992141965846,0.176305164949316
0.35155095002231,0.587668114539372,0.904457076652619,-0.0390035651473131,-0.802566833388785,-0.00237534503239711,-0.416465905733507,-0.558133618546595,-0.141758469463,0.207666461367634,0.350229005965485
-0.624774546727138,0.0730300291410191,-0.274799654717709,0.0348165692146847,-0.306345367614382,-0.451284679837152,-0.531523207272538,0.0587356948993909,-0.390588628065483,0.4547077808927,-0.620315472207005
-0.443378214695634,0.483920906596308,-0.800779034666175,-0.365220633567602,-0.48243027849219,0.976279217752457,0.566365690514104,0.305901070416788,0.0957926625612231,-0.117238216284166,0.469304947612132
-0.749182739304718,0.647767881194406,0.0137420496245788,0.0131625081239708,0.466502272563966,0.146971189788623,0.959528207878043,-0.483834851989957,0.982762170962555,0.953424377950553,0.784052803569741
0.806233354829325,0.548608530504469,0.426888922806324,0.687498406734025,0.375474937574505,0.925575276676851,0.478046945884281,0.811274474891474,0.928980927607892,-0.371191320924808,0.181602149092914
-0.926480437290877,-0.17103560454402,0.358758290494709,0.689926892636929,-0.37450077806885,0.392895125737653,0.868311388156962,0.98542227138823,-0.737458453854325,0.892693092043158,-0.976215874994282
-0.757354027321894,-0.0675056195016157,0.715321078136413,-0.399398151366816,-0.952387915812228,0.699732120603933,0.133375883855215,-0.21459562171099,0.321565933133613,-0.151083246303447,0.231438389702189
-0.556761593679169,0.527275818552899,-0.683392338709212,-0.540942368832643,0.464135684940572,-0.445485929520725,0.574045331618303,0.0120089426951524,0.620669136482749,-0.427023715622076,-0.563904853030521
-0.556640979845,0.909962136162113,-0.132900706135317,-0.537245544278044,-0.0369539844588416,0.30078288656016,-0.593279696240822,-0.45826980825322,0.963171055091902,0.0379288416004657,-0.0317578833989303
-0.760555168695334,-0.399724446412881,-0.505046213496647,0.405130148583103,0.255042249210365,0.131211720138592,-0.298180595027854,0.386112280424574,0.447585430397398,0.35931543964135,-0.674922270085062
0.437299702452786,-0.84826167323901,0.334422243447922,-0.772929578934392,-0.776897358935132,-0.32554560170935,-0.0639890212899843,-0.577142513381151,-0.101589505449393,-0.294986490568972,0.355949618985195
0.960782115721321,0.241011890433075,0.864341230875177,-0.0065118927726675,-0.909967815659875,-0.389345669551725,-0.451240998637955,-0.69762127187422,0.291977958944553,-0.931677839679987,-0.78879811258276
-0.992292036984371,-0.857265561894117,0.447869887662739,0.174274326203838,-0.417580056255487,0.327293446073261,-0.382795183849736,-0.302605872146469,0.684666374353023,-0.249175986455568,-0.879477511272753
0.780466416535694,-0.706738868436838,0.0162347491372075,0.518411951198377,-0.213796215437212,-0.941505366722308,-0.437901682033973,-0.987312564996518,-0.405362598761136,-0.00866753479776783,-0.317965526991921
-0.885710245229977,-0.014878346478677,0.106136004377488,-0.373546828994979,0.386482880084381,0.699650666955236,0.947647110055097,0.470332325043631,0.749574575251172,0.822773611132217,-0.799745729618702
-0.287685521579672,-0.998473268978034,0.544356186168136,-0.297254638247926,0.241019194573759,-0.711989020851038,-0.350406907442792,-0.837071942290561,0.423416777993684,-0.879374613020105,-0.130183242737781
0.768292282109149,-0.521902998690183,0.60223513153729,0.99194865994635,-0.5179746375009,0.10243660156969,0.675922206768522,0.247038094840673,-0.372584392470894,0.436574113809901,0.389047354800451
-0.414387063842523,0.170525804378599,0.611094450664621,-0.374758678259352,0.439831558445026,0.70134821740689,0.252045162573886,0.512173220888597,0.408948282447871,-0.511707563783479,0.935875073304901
-0.276113130358043,0.458036829220764,-0.928624807304901,-0.371866607934488,0.14667728450441,0.109948273859344,-0.922371266155693,0.854533231647519,-0.887362165685807,0.19507438636878,0.431603645830715
0.0754928430823536,0.544410095092578,-0.651167023211177,-0.824886579393751,-0.321751799135679,-0.548241756431247,0.309982971505586,-0.42157000108234,-0.271610661924977,0.597207166866429,-0.326621563747231
0.522400116916384,0.1560270743893,0.443032594744085,0.516980685171733,0.947095746398717,-0.429507860794764,-0.166903821200489,0.0122515040836482,0.504464703193502,-0.229871695573139,0.918475545609937
0.314790190358297,0.908082573423517,-0.695057084624574,-0.156402941044441,-0.404806164997073,0.698848963959755,-0.742891563900624,-0.775238724822955,0.22329784742743,0.40047204046966,0.592183608318009
0.0474502627555193,0.365931045160602,0.916264574522938,-0.73612827264843,0.724771473435872,0.272613790526267,-0.672457583516074,0.428781713155067,-0.336043086224275,0.766634926776675,-0.319367523880193
-0.935904774089083,0.938305835186291,-0.997115387953317,-0.504890001233936,0.271073686056849,-0.24279363123087,-0.734760658289868,0.50611941151866,-0.829177879443662,0.0159217329229335,-0.465193625109169
0.933583077193098,-0.307471236996062,-0.844656583911709,0.196876786507737,0.863865998840208,-0.375379830162075,0.146582798802188,0.782725373207104,0.650775441315166,-0.111122413748969,0.169355183487082
-0.0895449357773062,0.394147581513931,0.484824060871032,-0.778031858462867,-0.0493117612757179,0.550326652545873,-0.393076502287724,0.297225393646916,-0.0566619649972271,-0.355552194501881,-0.0888644340554992
-0.105250305281056,0.201309988180289,-0.0945335398100906,-0.501338190481265,-0.488319487756482,0.120114950097137,-0.412248879280174,-0.341681738879348,-0.00729685938367419,-0.740982723803004,0.903410258625364
0.957513054105537,-0.458984179330836,-0.991420714306107,-0.149165608016398,0.606490036650663,-0.352141682017653,0.438926222650486,0.84463411925943,-0.0176366209593748,0.425704582680936,-0.603485225965947
-0.223558865020228,0.000455644857965121,-0.827032657682889,0.521192463792841,-0.984131192021473,-0.97047835451192,0.538364641006947,0.777859065260515,0.969898156032851,-0.616978081817067,0.978971757827397
-0.758407475124227,0.422544162353123,0.258849712866555,0.848153495162925,-0.173001131952345,0.380438228770862,0.634008912657574,0.461476905375676,0.0107181921444619,-0.131298409284,-0.544301354344021
0.997256380021322,-0.0269276412410153,-0.120208915084193,0.141522217494872,0.0742270239405347,-0.0667972696518635,-0.653844464898714,-0.224825761242628,-0.387158365417598,-0.96647666148354,-0.0187238156850473
-0.437292625530327,0.806521729831207,0.958608465418433,-0.33433076943053,-0.468666057199503,0.238310309572756,-0.601247541490969,0.172552782514401,0.362171873784573,0.890004035454207,0.0361089752115962
-0.151733837171012,0.240447949355303,-0.39771996734189,-0.787703232548576,-0.725057857970344,-0.618701319467324,0.791965887072497,0.218795356002771,-0.703850690821398,-0.394610457034767,0.101572858372617
0.849731424091839,-0.46909682848563,-3.25316459532932e-05,0.501009943316345,-0.777527289139087,-0.024787091558671,0.465183696827252,-0.629816888615046,0.160823796719641,0.222311739459946,-0.802026458370334
0.474851115367788,-0.291669108656416,-0.584826027856028,0.948272902961099,-0.285309360326182,0.119817679842185,0.647061445395354,0.571224428126715,-0.498133204044474,0.0814646218825272,-0.885802048373006
-0.54361543272667,0.413792177050661,0.593458194793539,-0.765813193315511,-0.407963063717355,-0.822707860558504,-0.761854033456622,0.477700228923551,-0.725946566671236,-0.583992883038166,-0.29900001563631
-0.403184533258803,0.311450828805645,-0.786303083787981,0.572066313954746,-0.515758063934524,-0.395512178557907,0.395717934306058,-0.0801294071574132,-0.838335398709685,0.655779882272586,0.374331021972914
-0.716157525221272,-0.453683919916283,-0.608132133125775,-0.0408669794586536,0.657752576921854,0.980917135354659,0.0505602573564099,-0.346823137739023,0.673080362485485,0.638440432458329,0.199886314583252
0.30083735491227,-0.496601852121014,0.471035827180277,0.330648679881165,-0.762266663159703,-0.418824449608147,-0.288952975946595,-0.971029382909242,0.41715218381549,0.179974686078956,0.456777908903267
0.951589647855497,0.537685001778499,0.155451424462405,-0.854904465082156,0.13425701239395,-0.201189826385958,0.102830801815158,-0.949616632203696,0.99189171505932,-0.974385489047002,0.524217641473287
0.335666258902569,0.191860552850438,-0.531439219733732,-0.332422173135751,-0.97672218695282,-0.0833787875471164,0.488533027549721,-0.559459723351233,-0.581407116671259,0.0318707402816392,-0.789922254242903
-0.845406934708009,0.246861132148796,-0.977696047822677,0.355775263909107,-0.482235565301092,0.834204778321671,-0.0416132646526295,-0.163778488624659,0.627950389704047,-0.287287862928178,-0.0958988537521765
0.622112141328008,0.307401900520501,-0.175799005278626,0.186281627933198,0.025207914969309,0.365484640739358,0.0645501254127097,-0.336751145686256,0.705538598211157,-0.617001340302492,-0.135881331360461
0.567703126445041,-0.441623469816858,-0.565737175052905,0.728171330415597,0.242290139960756,0.587733206629665,0.170972403657755,0.142355614508474,-0.231889689837358,0.592309669535107,0.964609918214598
-0.579051809941459,-0.570833681771139,0.989355093449737,0.183596018740822,-0.448256684594475,-0.366933886888475,-0.940364397641104,0.520948011631031,-0.334533330869629,0.0218775838181038,0.572822537692128
-0.00856818349574606,-0.0668601547354994,0.620990916246321,-0.35164292369883,0.990914454973811,-0.766071694687345,0.657858234048257,-0.00194195276391085,-0.406366609396558,0.198847347927201,-0.412198320574842
0.498935201222813,0.074656293488125,0.421951468427669,-0.471045660068548,-0.739212473832714,-0.927855354146544,-0.383500317813973,0.834627222041671,-0.530323298259475,0.517287953878872,0.98517918467532
0.58247841756052,-0.503494844092246,0.501171005604731,-0.601681841394043,0.76222774151231,-0.567399284723087,-0.913518520586215,-0.733315297680906,-0.119624512427276,-0.413744528641443,0.973120255476403
-0.544482542666308,-0.0739098231715456,0.256982060229211,0.00241672050522235,-0.987144121036848,0.414643548699661,0.84811680899047,0.480863212129655,0.0596973885969467,0.156263428528404,-0.614251941931545
-0.489563325871019,-0.622192910610494,-0.958755008889646,0.448976584710403,-0.791783229456377,0.498668924629142,0.668949122564114,0.47671641655977,-0.394724580463232,0.824263118740609,-0.588170580053218
0.781254481596994,-0.387064693019546,0.926904839395645,0.330942834558722,-0.516388517633528,-0.667125375261114,-0.273426195005611,-0.017184438630234,0.359010559291145,-0.569997463719638,-0.691244336164622
0.768095195256643,0.948372477180793,0.0175899549200687,-0.848984878570673,0.94041938149855,-0.885649277626754,-0.917395093433718,-0.81178424408523,0.838946768889496,0.761793723328785,-0.0685764716451744
-0.0739570613484783,0.529699660926747,0.0985828943377027,-0.812215731264774,0.7673213835654,0.562081369747848,0.254200459265729,-0.0292147053530007,-0.57430303519856,0.598927507483483,0.744514320580302
0.317648272490134,-0.505380846237462,-0.432181102286626,0.336212825348114,0.403712102239572,-0.568146280591577,-0.390157488317384,-0.648050929708253,-0.155831986073137,-0.179419924834318,0.0187005663444255
0.45650503560409,0.519412836865265,-0.607694017635737,0.490642292028291,0.88920582047848,-0.000627914954791198,-0.293980526743256,0.298890154590072,0.117520354703528,-0.33365426131676,-0.236212159799931
0.509739205985247,0.542855021425002,0.473158590928712,0.992105288531544,-0.330276954950302,0.597664906899093,0.353397218187398,-0.70107599826748,-0.465234382963926,0.195047950292369,0.430545295686823
-0.591847430315351,-0.693878830487408,-0.954745513133267,0.262092567788669,-0.226598056159118,-0.458381241382335,-0.353783370238823,0.438318586246936,-0.444173335993396,-0.784518247185935,0.686176422069722
-0.591431074186654,-0.439294401420818,0.78905680868126,0.00323547363876941,-0.758224767019132,-0.263554175858929,0.275410358500456,0.58113357727729,-0.756571215788415,-0.648815630402725,0.511900578392499
-0.519821514853888,0.552206988883476,0.206699588835902,-0.53738392913076,-0.256559349890953,-0.551239190262657,0.562239016479338,0.904352806908775,-0.552091173347763,-0.469821805269093,-0.673874639414036
0.0730733485484696,0.990745268221514,-0.397496561896532,-0.104843668337593,-0.792385440289493,-0.291238026973515,-0.64130263571195,0.480172395065944,0.864868702281661,0.612364534301563,0.263922475561951
0.212262699759436,0.360185761568686,0.343693625792493,-0.59379255030263,0.206576493339185,0.579582892210703,0.282442601227753,-0.709323639870224,0.779471032891526,-0.12853121830301,0.847214867549915
0.0761744091692025,0.0314101603211623,0.265918591692581,0.634583687482005,0.886365790628042,-0.00228162830307954,0.905945075865878,0.0683002293657586,0.0167680582494316,0.19281175074832,-0.110358603898663
0.540695564136164,0.00953578505087327,-0.0298941020444736,0.855829340854078,-0.866889242463935,0.629442738140873,0.891917701651222,0.546849712340381,0.835378557554173,-0.609773197110314,0.90009211025186
-0.184039318275501,0.370032883123559,-0.278535691843994,-0.929355176616088,0.443584989186879,0.57528078544457,0.932442560647163,0.592363324791811,-0.706255205405455,0.515514603588604,-0.654185582389278
0.331607150782294,-0.393519054265621,0.812338794888711,-0.157665429098401,0.660786672548928,-0.702269912947878,0.933057634875968,-0.705665810386762,-0.678595460138108,0.703208656903981,-0.33361226609148
0.208344379043063,0.906109004523507,0.118797973784651,-0.994993866950627,-0.610207096559633,0.906643986560727,-0.84881884341588,0.639546844458913,0.543258710033921,-0.949043894396792,-0.0685756717791859
-0.339368801366484,-0.594749739469973,-0.0491299227253228,-0.841652426361714,0.711834501336275,0.988193536161557,-0.712747361466227,-0.429005041056131,0.440381997268035,-0.527724866785214,-0.503839412031599
-0.502804228538104,0.817309331955076,-0.47904766004354,0.544825282811276,-0.839463883529286,-0.155966970307591,0.24641195104739,0.990228367747146,-0.692853460592724,-0.809668674271929,0.735625267585094
0.380262790454638,-0.66333380446743,0.73943508068451,-0.883826691347004,0.623724540987994,0.571542106642392,-0.0313586563889334,-0.10865481062589,0.865557605682651,-0.0138180263656535,0.298660236449404
-0.626444961059615,-0.610229066439198,-0.955482885130572,-0.294182817541349,0.943495651903092,0.55412827507798,-0.728176575817388,-0.261132368728211,-0.755763076204876,0.73816435089199,-0.806658606344579
0.571234720262626,-0.494036690517578,0.968985744166969,0.326858595368954,-0.626648012834532,0.334028936939031,-0.977396574878351,-0.192979335839412,-0.855347804381775,0.132143412227369,-0.890569974330037
0.495473285198691,0.748070234720315,0.510020615347789,-0.0736546762856942,-0.984799837723772,-0.240110626587203,0.140406890031624,0.614089254274652,-0.921081092628115,-0.362019767713607,-0.235498612667326
-0.0590150504121423,0.891492499205193,0.335164577323354,0.762218996383202,0.86020478849587,0.483647849771702,0.148107912461938,-0.271246435527794,-0.964711422372197,0.127001088357687,-0.916970825830259
-0.277971778545514,-0.714829599331199,0.84638931326673,0.480021638886946,-0.490412292306854,0.884909794682305,-0.0604528767402259,-0.177359098052428,-0.482332117383746,0.943796317472675,-0.227492096455301
0.907752964513539,-0.330245016298677,0.696068150038865,0.147193398872275,0.227886336219451,-0.992027972926584,-0.400362920794132,-0.69023812608017,0.70226134837108,0.953024552838192,-0.644971432964265
0.0509338379942887,-0.271116922100667,-0.742517336587521,0.811243356353663,-0.624454946209093,-0.607792960609383,-0.807614028850974,-0.630895359336033,0.323737966086702,0.0982684594795091,-0.650964758455262
-0.416936273949408,-0.917288115034489,-0.666903471359781,-0.210295271663011,-0.340189392054652,-0.724352414856555,-0.16788201864532,-0.575834217074486,0.185128478046176,0.0133261158031512,0.146765407547336
-0.79715481633546,-0.484453291640025,-0.817823650083117,-0.641129737363951,-0.426430670808534,-0.284889391069967,0.899831171863539,-0.0579791675666421,-0.537287482038883,0.810763105042743,0.600414219863288
-0.368716326883715,0.363883858748578,0.480688649793421,0.0544219321293056,0.686611017416682,-0.435011120898003,0.489793838876488,-0.252606755297232,0.892955141061598,-0.672285805580322,0.143791122520788
-0.694976908037773,0.726066950412386,0.190958474014,-0.499535830978258,-0.372209704810445,0.136732876861171,0.568720050610183,0.852297392387663,-0.300687501291793,0.913282234073325,-0.316320060957347
0.756405770176632,-0.238365488732653,-0.637764600210216,0.188961485983562,0.50816726796651,-0.656311368756115,0.0922802636732236,0.531310683738275,-0.730446626608673,-0.948426332399102,0.610236281965093
-0.41587976687683,0.18670294206174,-0.723147387522787,-0.684635626744065,-0.840074983436012,-0.934956440390978,-0.174214387070024,0.345548547150523,0.784767504498288,-0.0328390688220099,0.149176190534147
-0.0790507910299498,0.703721375084838,-0.824169577635269,0.964377299239702,-0.770574529311913,-0.932552575986382,0.652985679393834,0.335602399177846,-0.567355766969579,0.510584024072305,-0.292693865117225
-0.505193679779159,0.89006189386578,-0.392995420913574,-0.867035728118943,0.74098282868781,0.614101152750095,0.625455991845207,0.938124114014235,-0.385838971068235,0.610211433483179,-0.651804677189468
-0.425284162862614,0.746053129937872,-0.968918736851535,0.749482952913556,-0.983567977719743,-0.0840875215258914,0.841619050747564,0.739465131303488,0.147843325942972,-0.80782438350117,-0.168742777818305
-0.253312163270675,-0.657262706931707,-0.255547513793623,-0.519881229121387,-0.0816037751122216,-0.352931368002167,-0.0364401544808566,0.17913057122122,-0.748756999910589,0.307400239168833,0.256960346824707
0.867811801974574,0.331295994441964,0.631090389721615,-0.329439766488811,0.673446811986685,0.933448169009293,-0.93621811972491,-0.893295563198545,-0.177722619382727,-0.578850687120027,0.934367940415153
0.181235551385776,-0.0162369715602091,0.356892888656882,0.466757463154451,0.166033782184871,-0.965179291269064,0.222421334415866,0.831063194644849,0.0399385989938701,-0.161397059648799,0.181244943970356
0.352893592427625,-0.682825944991764,-0.736138222710802,0.848157675005866,0.642514832575228,-0.58563488892604,0.358317696213223,0.950779303103099,0.550007290776116,0.40786062160303,0.872175117848265
-0.911598986264259,-0.0700471323238201,-0.275501942873443,-0.751467991710055,-0.637416588201005,0.638195405932192,0.591406226926952,-0.127762998451409,-0.230319191911772,-0.381283652843524,0.810182572304301
0.990499809758404,0.944648670405745,-0.685611523389459,-0.477810404984489,-0.515920493492612,-0.891954022907674,-0.921641671237817,0.549272305664064,0.934518333691327,-0.104130668345846,0.249717112171911
-0.353499440582692,0.45962822039538,-0.182569326202663,0.719240400562334,-0.994146900742038,-0.328640734352183,-0.13357551735209,0.606506764652514,0.474822994646662,-0.79063684123599,0.0987531230789049
0.830566335140499,-0.386939140526007,-0.256838008322213,-0.743660205258678,-0.119090218669741,0.387561666387165,0.0626408963802678,-0.474741220681404,-0.833086805667191,0.102914815456862,0.830795829613082
-0.683138461873024,-0.514638553753713,0.494269163373737,0.718881223298562,0.724013087550544,0.97637548159458,-0.50432334932264,0.128496882626778,0.228301954359816,0.0867114394490165,0.592691021544133
-0.689590477413831,-0.253180483465534,0.0704582660268613,-0.296007966136321,0.10632485612688,0.0987690992592525,-0.00234111177768348,0.640157503101,-0.998711760120568,0.634134756446843,0.097149039167109
0.812859224167708,-0.00101311233112611,-0.473003020843433,0.637490953403269,-0.323093805415719,0.615457114660515,-0.35446772875418,0.399669356297074,0.818313431114937,-0.0226229296146137,-0.569985728951383
0.92974758418747,0.442819731530566,-0.501462572460241,0.883249989990853,0.514547616191489,0.0180118746461275,-0.516270118685241,-0.889175032311195,-0.789491084693011,-0.893838488453031,-0.992276733327492
-0.177680086051629,-0.408283547075716,-0.105789631753983,-0.502231533824053,-0.34678767208694,-0.329316743988692,-0.713817825183386,0.615366370254808,0.46255705416191,-0.392685267897388,-0.288288638177814
0.826723520324486,0.416212694633991,-0.900562570899001,0.0510548459693578,0.417964072762186,0.550295260316564,-0.47292476692987,0.354535550153572,0.698300747830812,0.36140688726325,0.474610380265229
-0.0374741457949619,0.382268592760709,0.437000556551457,0.522762167809276,-0.216387531196666,0.89646956899781,-0.944821998408069,-0.0818986787952476,0.877568829526009,0.0860869689684132,0.158425711457923
0.327033640582155,0.483080995345155,-0.980415880941511,-0.556338836366232,-0.306500068012725,-0.244695437657435,-0.109046846526718,-0.901973941421456,-0.787479495927256,-0.562697143315833,0.728114761825543
0.303350216195718,-0.052740901465657,0.589701195458021,0.83608669440699,0.0833216512147996,0.342443126659955,-0.565693355251364,0.350089624478211,0.978765576632497,0.501060671290743,-0.453549850301185
-0.818553681935507,0.229483008810812,-0.443005288551652,-0.542630510410483,-0.147432002312092,0.285903336636446,-0.897826435406922,-0.407696257912844,0.857263082163758,-0.349186675924269,0.696788385723696
-0.768119644835987,-0.918049256820046,-0.026487019425965,-0.903256325612506,0.249454373274559,-0.286981964870938,-0.314000824965329,-0.0496742916906203,0.29731789224152,-0.382401564080765,-0.5020445999656
-0.37636460618476,-0.199400657523035,0.95402298857531,-0.272712108078357,-0.619651774647838,0.793408832561115,-0.900041994289584,0.610681599016204,0.630840359314949,0.502167702889925,-0.464131208096303
0.0251742726086281,0.928248180295353,-0.711303003391128,0.432824899826169,0.900161630863413,-0.780788904453098,0.159224289797957,-0.538702389820979,-0.561549621536632,0.687729917003197,-0.781543629046995
-0.156020613683811,0.328008426075386,-0.101101232006654,0.86299907829769,-0.351846727832522,0.179325557893739,0.0558482112508498,0.621268417988927,-0.528293393255488,-0.246963735541284,0.165194436205465
-0.903265589152322,-0.407471127526776,-0.72560904986886,-0.907970860373919,-0.762508146502562,0.904769492524992,-0.441076960329428,0.521530040232063,0.520554214402758,-0.302197501611988,-0.120486365436947
0.145619486483127,-0.414297307781158,0.296645117460673,-0.403470587578252,0.945416627707432,-0.564745814563564,0.933670015825742,0.431161740952057,-0.476225265602115,0.197952437805305,0.111071077998513
-0.853023588181519,0.445917377512994,0.820838804889168,0.661161257167279,0.854638358354177,-0.286986552104259,-0.810658703406974,0.0121672130405954,0.0718290405825686,0.818313498029982,-0.356254092967951
0.0253959710088476,0.597317779364181,0.221145549973092,0.161941240951136,-0.591674981460934,-0.184679814157855,-0.921397689550225,-0.54056373495792,-0.134247485667474,-0.865461012671304,-0.851529012690019
0.094847886377162,-0.930839998187876,-0.334640892391859,-0.561218487704158,0.018597651435952,0.210209828940319,-0.89633427129281,0.401138939878306,0.789947067355197,-0.0926068649599645,0.0226627226286136
0.814137737000285,0.288972649648456,-0.771659830839124,-0.707210256570153,0.274878223571852,0.312790734950545,-0.157946216046146,-0.648251352062544,0.875575903954299,0.0221932949628565,-0.235236621691158
0.496298147705243,-0.640769784624945,-0.422594992581392,0.45240603472989,-0.449735745620976,-0.334070089092137,0.523225672098926,0.0682437872690211,0.462691454054852,-0.470363726210913,-0.0683753750996181
-0.71944758481876,0.803072213472992,0.941689546414231,0.448103532550992,0.441699860330067,-0.663200091479579,0.716399323325798,-0.319533358463448,0.105778135927308,0.339985987616196,0.494885051753293
-0.183011311866904,-0.0836681737274227,-0.787524974642233,-0.164634798855301,0.684815634814705,0.115807401348,0.883748217050159,0.955925734100265,0.687852179145037,0.826174313677349,-0.210404614445669
0.624894347653537,0.949984705748509,0.459165183210366,-0.582497357310884,0.798238969017156,-0.177867230121755,0.322125565638492,0.77020687256992,-0.487381872402527,-0.479698420687245,-0.210578022391045
0.338814467671504,0.427044479311734,-0.96067644547629,-0.307561411280961,0.603030153789122,0.523106182051885,-0.914100420762561,-0.696116303354161,-0.498561364603422,-0.115620344029743,-0.176972534869143
0.363850099334332,-0.23568752618116,-0.46124611869096,0.500534582060666,-0.607363880286262,0.893208675030744,-0.0590886953471683,0.0855233956323718,-0.205256623199196,-0.000620534167107278,0.805596956127604
-0.36036741839408,0.0767224633912271,0.876646604183071,-0.238124305635876,0.425027007837517,0.77204806194437,-0.617494431523011,-0.865263788967086,-0.609957130784279,-0.512456487050605,-0.691219010945577
0.444335482989532,0.988552950649105,-0.335991320353664,-0.0768338936058854,-0.686036220797358,-0.467595691891203,0.344750421368098,-0.444729491356391,-0.295277189780357,-0.176666226212792,-0.633612631385077
0.829017031531303,0.0218495201138922,-0.875326640490368,-0.923436116326073,0.984496578658678,-0.748796765967094,-0.186002842017556,-0.623728721191118,-0.447737245123744,0.951917486352752,-0.784073070607034
-0.903177947082369,-0.844855008300393,0.0266662805874807,-0.763098111611469,0.66250293692989,-0.732733837334483,-0.56542444815319,-0.993113789832454,0.713191883681116,0.751128270269057,-0.439532492156897
-0.329650016352737,0.323103238430724,0.630825861195879,-0.608095169425385,0.925093179784559,0.419694594468918,0.173508922403875,-0.265392419426492,0.405764392671861,-0.659058256626745,-0.701521671210384
-0.314692097568855,-0.0441625557110672,-0.884137777295771,-0.68557593920702,0.994727698644813,-0.395896783824915,-0.273523403754548,0.946401524588004,0.836915171429221,-0.419945257230332,-0.0752495566547076
-0.19809261087599,0.513377677447634,0.663940782254766,-0.395440384972866,-0.0837262326999704,-0.307643464296274,-0.0943601773682476,0.0148381072321617,-0.397379743443283,0.261755007581048,0.58935397174145
-0.82872936882531,-0.886018584891942,0.505092172302861,0.279663394887149,0.723134811409303,0.220894152418416,0.238244476296309,0.477206934144992,-0.74541955748841,0.354623141304158,0.784796738581158
0.32225852014861,0.734536534196663,0.305888867935274,-0.632961534743532,-0.776491000293537,0.442639041910696,0.906165371052145,-0.527251149416489,0.483691798543056,0.60687001972813,-0.929787944642808
-0.573645124125902,-0.666119750026521,-0.635029483262336,0.234517947685594,-0.190169874014589,0.668744054429479,-0.746978336906698,-0.61452534155672,0.795335702120481,0.256381524254519,0.409692521509736
-0.762100065457962,-0.36419259945434,0.193312492959205,0.85487349908992,-0.34364457433975,0.974657037982108,-0.364063130149602,-0.669718602403428,0.636243521281241,-0.0718384442307445,0.534920070395559
0.701781039324003,-0.758187421820341,-0.946001256567566,0.219949361310186,0.742240176712503,0.482467516145998,-0.941893139647056,-0.835318613371574,-0.425383567076692,0.77217450632122,0.500606546957638
-0.279534861141991,-0.212046485103508,-0.735256966146768,-0.230775646254217,-0.669786414343647,0.0819661943951915,0.113703888323484,0.210190971607,0.479486297362234,0.707080633021311,0.0971167355391696
-0.0708422603259884,-0.369222109218135,0.0222935017713004,0.625418902225849,0.620525395149427,0.888654813032096,-0.83699435287877,0.407436914241322,-0.779289312620064,-0.352124604893372,-0.841215443185099
0.0143900378356729,0.490893801888157,-0.792599942177852,-0.573340209650422,0.478106532852188,-0.128351767017138,0.280278278485012,-0.462621948935521,-0.546819313473112,-0.353489111109252,-0.127339049930762
-0.586535975255599,0.892479335728813,0.630118396323159,0.086956045458684,0.431001649649651,-0.219329391886167,0.537010519227089,-0.188024665698037,-0.76120733325948,0.864042843114686,-0.245207928017462
-0.816782077311008,-0.603339157426799,0.023804362701183,0.387394458480256,0.150506977230206,0.453712251581455,0.987550870140549,-0.888424180346359,0.92187400379189,0.927436517351464,-0.0627788328642911
-0.508052786308407,0.367747445482535,-0.669990531383435,0.963966209147023,-0.810607551894538,-0.152720506514132,-0.558649424159952,-0.834461854078539,-0.540347168575595,-0.161196146343042,0.570117039019584
0.466855878538903,0.869417888467032,-0.581654723818791,0.699283635810604,0.248571566944553,-0.508561795684963,0.390856756382111,0.989057377181991,-0.307718561122822,0.222444851350182,-0.0920160957918179
0.292510408851171,0.0637509653067645,0.139216946167006,0.635180490657244,0.540500197606007,0.145857877512493,-0.849903896256771,0.969576317533274,0.26406539632739,-0.800802358515138,-0.125588377722154
-0.580850088853335,-0.907327161682339,0.442389985941615,-0.108923337907546,0.0984281693439604,-0.762607082325212,0.872557160239329,-0.823362319880269,-0.857006320521704,0.153656398396698,-0.263645109626666
-0.887578470910283,-0.78231817472022,0.666452972982081,0.976342389124649,0.320637469542063,0.227385346052852,0.146191906149051,-0.664208393453564,0.223157700694312,0.868999018570934,0.636586988600394
0.925121689549229,0.168382887028209,-0.557773751639661,0.238640271626746,-0.24201322996306,-0.574884503771425,-0.638743695635814,-0.525885760879776,-0.447822101265658,0.377620654792557,0.978076124795818
-0.0625640241082717,0.867726906880916,-0.21299348096402,-0.0999913513609583,-0.145703766698545,0.485153782831684,0.497990497028843,0.515464593212866,-0.924185361259937,0.554759318766365,0.455395456423114
0.499769608293729,-0.0908232807923481,-0.502846161855874,0.311551016708294,0.462159950215177,-0.890665203394134,-0.457670104418714,-0.457244809707141,0.750438953212826,0.610260016465019,-0.192791286864007
-0.619064141094511,-7.69786986427601e-05,0.701022975987673,0.535536147156149,0.871545896608988,0.452503973634092,-0.504277242371945,0.0318173512905369,-0.83993741961914,0.632355784595328,0.666112263063117
0.529797643476836,-0.434662013063432,0.408762615880711,-0.855123402514411,0.0950560907084077,-0.149178722803641,-0.330132252090394,0.796755566165947,0.036918426854802,-0.53425544983763,0.875162242400989
0.769027806083819,0.821291218378843,0.919570702263943,-0.310236459244962,-0.895797634043034,0.388231817790798,-0.548661878503587,-0.400198437984794,-0.813608915060984,0.764846401188829,-0.0511020515485787
0.99817754986111,0.776121916736846,0.320084158232006,-0.830577523981057,-0.578332460401488,-0.648411716500476,0.721756373780895,-0.195073056654333,-0.112254266509494,0.424079395003477,-0.446962032158222
-0.653707405910854,-0.768520964566719,0.212579430136161,0.793113065789482,0.495373580252882,-0.0497888172093459,0.231858680839502,-0.432682886909935,-0.794933098591172,0.575871531719313,0.414694537861115
-0.423907312942474,0.938160276741012,-0.836277672901549,-0.237407084527582,0.882815759717472,-0.878829849914878,0.438977691009714,-0.995273128863101,-0.662743958341287,-0.629685255707794,-0.651335282740319
-0.456587836417513,0.34720617894117,-0.154533935632524,-0.262468256406743,-0.527093564943206,0.222698962195261,0.638445308996512,-0.75269631154782,0.208947058807517,-0.632619322873668,-0.435260755813342
-0.276930686189632,-0.947230209834501,-0.383316127436647,-0.204655822538214,0.462287750841447,0.377653191936943,-0.674455829742678,0.624932974690306,0.998703220490194,-0.220207692922609,-0.262417063610708
0.50282912287915,0.538311048255922,-0.357909793511429,0.959541044260914,-0.120934325910512,0.664489869731699,0.572552761009459,-0.678986468258165,0.0478864344576559,0.895951473129869,0.498663853059436
0.366225574787632,0.959956965503423,0.674268926324186,0.562389771270952,0.76808495404573,0.954701637382068,-0.947133566176157,-0.0469077611593605,-0.453224339312823,-0.479297880503466,-0.111697948642553
0.846019708772171,-0.607061200208089,-0.85680296129924,-0.263346736514619,-0.925415335335133,0.88283654614279,-0.0583742019748137,0.468171246719082,0.0373284867045554,-0.531710420736066,-0.352047883436068
0.811600062949353,0.444641069465347,0.508527764816439,0.613208705680001,0.00920322677652008,0.280152584779002,0.372606291278406,0.532660272444886,-0.531678743963677,0.439826090907592,0.666191437858241
